# phi  (w -> w'):   0.0:0.1:5.01
# psi  (a -> w'):   0.0:0.1:5.01
# chi  (w,a -> w'): 3.000000
# mu   (s -> a):    0.600000
# zeta (w -> s):    10.000000
# tau  (p(w):       0.000000 (unused)
# mi:               MI_SY
# bins:             2
# phi, psi, chi, MI_SY
0.00,0.00,0.00184
0.00,0.10,0.00174
0.00,0.20,0.00164
0.00,0.30,0.00198
0.00,0.40,0.00148
0.00,0.50,0.00141
0.00,0.60,0.00135
0.00,0.70,0.00129
0.00,0.80,0.00124
0.00,0.90,0.00137
0.00,1.00,0.00129
0.00,1.10,0.00121
0.00,1.20,0.00106
0.00,1.30,0.00102
0.00,1.40,0.00099
0.00,1.50,0.00096
0.00,1.60,0.00093
0.00,1.70,0.00090
0.00,1.80,0.00082
0.00,1.90,0.00086
0.00,2.00,0.00084
0.00,2.10,0.00074
0.00,2.20,0.00082
0.00,2.30,0.00082
0.00,2.40,0.00082
0.00,2.50,0.00063
0.00,2.60,0.00081
0.00,2.70,0.00080
0.00,2.80,0.00076
0.00,2.90,0.00072
0.00,3.00,0.00066
0.00,3.10,0.00037
0.00,3.20,0.00053
0.00,3.30,0.00047
0.00,3.40,0.00040
0.00,3.50,0.00021
0.00,3.60,0.00029
0.00,3.70,0.00025
0.00,3.80,0.00021
0.00,3.90,0.00017
0.00,4.00,0.00015
0.00,4.10,0.00012
0.00,4.20,0.00006
0.00,4.30,0.00008
0.00,4.40,0.00007
0.00,4.50,0.00004
0.00,4.60,0.00005
0.00,4.70,0.00004
0.00,4.80,0.00003
0.00,4.90,0.00003
0.00,5.00,0.00002
0.10,0.00,0.00175
0.10,0.10,0.00169
0.10,0.20,0.00210
0.10,0.30,0.00156
0.10,0.40,0.00150
0.10,0.50,0.00144
0.10,0.60,0.00139
0.10,0.70,0.00165
0.10,0.80,0.00131
0.10,0.90,0.00147
0.10,1.00,0.00120
0.10,1.10,0.00115
0.10,1.20,0.00111
0.10,1.30,0.00115
0.10,1.40,0.00103
0.10,1.50,0.00100
0.10,1.60,0.00097
0.10,1.70,0.00094
0.10,1.80,0.00091
0.10,1.90,0.00088
0.10,2.00,0.00086
0.10,2.10,0.00085
0.10,2.20,0.00083
0.10,2.30,0.00069
0.10,2.40,0.00066
0.10,2.50,0.00066
0.10,2.60,0.00082
0.10,2.70,0.00056
0.10,2.80,0.00080
0.10,2.90,0.00077
0.10,3.00,0.00049
0.10,3.10,0.00066
0.10,3.20,0.00060
0.10,3.30,0.00053
0.10,3.40,0.00047
0.10,3.50,0.00040
0.10,3.60,0.00021
0.10,3.70,0.00029
0.10,3.80,0.00025
0.10,3.90,0.00021
0.10,4.00,0.00017
0.10,4.10,0.00015
0.10,4.20,0.00012
0.10,4.30,0.00010
0.10,4.40,0.00005
0.10,4.50,0.00007
0.10,4.60,0.00003
0.10,4.70,0.00005
0.10,4.80,0.00004
0.10,4.90,0.00003
0.10,5.00,0.00003
0.20,0.00,0.00167
0.20,0.10,0.00164
0.20,0.20,0.00209
0.20,0.30,0.00161
0.20,0.40,0.00152
0.20,0.50,0.00147
0.20,0.60,0.00143
0.20,0.70,0.00138
0.20,0.80,0.00133
0.20,0.90,0.00131
0.20,1.00,0.00147
0.20,1.10,0.00120
0.20,1.20,0.00116
0.20,1.30,0.00112
0.20,1.40,0.00116
0.20,1.50,0.00104
0.20,1.60,0.00101
0.20,1.70,0.00098
0.20,1.80,0.00094
0.20,1.90,0.00091
0.20,2.00,0.00089
0.20,2.10,0.00087
0.20,2.20,0.00077
0.20,2.30,0.00084
0.20,2.40,0.00072
0.20,2.50,0.00066
0.20,2.60,0.00063
0.20,2.70,0.00083
0.20,2.80,0.00057
0.20,2.90,0.00080
0.20,3.00,0.00077
0.20,3.10,0.00072
0.20,3.20,0.00041
0.20,3.30,0.00060
0.20,3.40,0.00053
0.20,3.50,0.00047
0.20,3.60,0.00025
0.20,3.70,0.00035
0.20,3.80,0.00018
0.20,3.90,0.00025
0.20,4.00,0.00013
0.20,4.10,0.00012
0.20,4.20,0.00015
0.20,4.30,0.00012
0.20,4.40,0.00007
0.20,4.50,0.00008
0.20,4.60,0.00005
0.20,4.70,0.00006
0.20,4.80,0.00005
0.20,4.90,0.00003
0.20,5.00,0.00003
0.30,0.00,0.00160
0.30,0.10,0.00159
0.30,0.20,0.00158
0.30,0.30,0.00205
0.30,0.40,0.00153
0.30,0.50,0.00150
0.30,0.60,0.00190
0.30,0.70,0.00183
0.30,0.80,0.00175
0.30,0.90,0.00133
0.30,1.00,0.00157
0.30,1.10,0.00126
0.30,1.20,0.00121
0.30,1.30,0.00116
0.30,1.40,0.00112
0.30,1.50,0.00109
0.30,1.60,0.00103
0.30,1.70,0.00104
0.30,1.80,0.00098
0.30,1.90,0.00091
0.30,2.00,0.00092
0.30,2.20,0.00087
0.30,2.10,0.00084
0.30,2.30,0.00085
0.30,2.40,0.00084
0.30,2.50,0.00083
0.30,2.60,0.00083
0.30,2.70,0.00083
0.30,2.80,0.00083
0.30,2.90,0.00082
0.30,3.00,0.00058
0.30,3.10,0.00054
0.30,3.20,0.00072
0.30,3.30,0.00066
0.30,3.40,0.00037
0.30,3.50,0.00053
0.30,3.60,0.00029
0.30,3.70,0.00040
0.30,3.80,0.00035
0.30,3.90,0.00029
0.30,4.00,0.00016
0.30,4.10,0.00021
0.30,4.20,0.00017
0.30,4.30,0.00015
0.30,4.40,0.00008
0.30,4.50,0.00010
0.30,4.60,0.00008
0.30,4.70,0.00004
0.30,4.80,0.00004
0.30,4.90,0.00005
0.30,5.00,0.00004
0.40,0.00,0.00152
0.40,0.10,0.00198
0.40,0.20,0.00155
0.40,0.30,0.00155
0.40,0.40,0.00158
0.40,0.50,0.00156
0.40,0.60,0.00149
0.40,0.70,0.00150
0.40,0.80,0.00142
0.40,0.90,0.00138
0.40,1.00,0.00134
0.40,1.10,0.00130
0.40,1.20,0.00125
0.40,1.30,0.00122
0.40,1.40,0.00117
0.40,1.50,0.00113
0.40,1.60,0.00109
0.40,1.70,0.00105
0.40,1.80,0.00102
0.40,1.90,0.00098
0.40,2.00,0.00095
0.40,2.10,0.00088
0.40,2.20,0.00084
0.40,2.30,0.00087
0.40,2.40,0.00086
0.40,2.50,0.00084
0.40,2.60,0.00083
0.40,2.70,0.00083
0.40,2.80,0.00083
0.40,2.90,0.00083
0.40,3.00,0.00061
0.40,3.10,0.00080
0.40,3.20,0.00054
0.40,3.30,0.00072
0.40,3.40,0.00066
0.40,3.50,0.00040
0.40,3.60,0.00053
0.40,3.70,0.00047
0.40,3.80,0.00025
0.40,3.90,0.00035
0.40,4.00,0.00029
0.40,4.10,0.00025
0.40,4.20,0.00021
0.40,4.30,0.00017
0.40,4.40,0.00015
0.40,4.50,0.00012
0.40,4.60,0.00007
0.40,4.70,0.00008
0.40,4.80,0.00007
0.40,4.90,0.00006
0.40,5.00,0.00005
0.50,0.00,0.00146
0.50,0.10,0.00189
0.50,0.20,0.00195
0.50,0.30,0.00153
0.50,0.40,0.00153
0.50,0.50,0.00157
0.50,0.60,0.00151
0.50,0.70,0.00149
0.50,0.80,0.00146
0.50,0.90,0.00142
0.50,1.00,0.00142
0.50,1.10,0.00134
0.50,1.20,0.00130
0.50,1.30,0.00126
0.50,1.40,0.00123
0.50,1.50,0.00118
0.50,1.60,0.00113
0.50,1.70,0.00109
0.50,1.80,0.00106
0.50,1.90,0.00100
0.50,2.00,0.00098
0.50,2.10,0.00095
0.50,2.20,0.00092
0.50,2.30,0.00084
0.50,2.40,0.00087
0.50,2.50,0.00086
0.50,2.60,0.00084
0.50,2.70,0.00084
0.50,2.80,0.00083
0.50,2.90,0.00083
0.50,3.00,0.00083
0.50,3.10,0.00082
0.50,3.20,0.00080
0.50,3.30,0.00077
0.50,3.40,0.00046
0.50,3.50,0.00067
0.50,3.60,0.00060
0.50,3.70,0.00053
0.50,3.80,0.00047
0.50,3.90,0.00040
0.50,4.00,0.00035
0.50,4.10,0.00018
0.50,4.20,0.00025
0.50,4.30,0.00014
0.50,4.40,0.00017
0.50,4.50,0.00015
0.50,4.60,0.00012
0.50,4.70,0.00006
0.50,4.80,0.00008
0.50,4.90,0.00007
0.50,5.00,0.00006
0.60,0.00,0.00139
0.60,0.10,0.00143
0.60,0.20,0.00147
0.60,0.30,0.00150
0.60,0.40,0.00152
0.60,0.50,0.00156
0.60,0.60,0.00156
0.60,0.70,0.00151
0.60,0.80,0.00149
0.60,0.90,0.00146
0.60,1.00,0.00142
0.60,1.10,0.00139
0.60,1.20,0.00168
0.60,1.30,0.00130
0.60,1.40,0.00150
0.60,1.50,0.00123
0.60,1.60,0.00118
0.60,1.70,0.00114
0.60,1.80,0.00110
0.60,1.90,0.00106
0.60,2.00,0.00100
0.60,2.10,0.00099
0.60,2.20,0.00095
0.60,2.30,0.00092
0.60,2.40,0.00085
0.60,2.50,0.00088
0.60,2.60,0.00086
0.60,2.70,0.00084
0.60,2.80,0.00084
0.60,2.90,0.00083
0.60,3.00,0.00083
0.60,3.10,0.00064
0.60,3.20,0.00082
0.60,3.30,0.00080
0.60,3.40,0.00054
0.60,3.50,0.00050
0.60,3.60,0.00067
0.60,3.70,0.00060
0.60,3.80,0.00036
0.60,3.90,0.00031
0.60,4.00,0.00040
0.60,4.10,0.00035
0.60,4.20,0.00030
0.60,4.30,0.00025
0.60,4.40,0.00013
0.60,4.50,0.00011
0.60,4.60,0.00009
0.60,4.70,0.00012
0.60,4.80,0.00010
0.60,4.90,0.00008
0.60,5.00,0.00007
0.70,0.00,0.00133
0.70,0.10,0.00170
0.70,0.20,0.00179
0.70,0.30,0.00147
0.70,0.40,0.00150
0.70,0.50,0.00152
0.70,0.60,0.00153
0.70,0.70,0.00152
0.70,0.80,0.00151
0.70,0.90,0.00149
0.70,1.00,0.00146
0.70,1.10,0.00185
0.70,1.20,0.00177
0.70,1.30,0.00168
0.70,1.40,0.00131
0.70,1.50,0.00127
0.70,1.60,0.00123
0.70,1.70,0.00118
0.70,1.80,0.00114
0.70,1.90,0.00110
0.70,2.00,0.00112
0.70,2.10,0.00105
0.70,2.20,0.00099
0.70,2.30,0.00094
0.70,2.40,0.00093
0.70,2.50,0.00090
0.70,2.60,0.00088
0.70,2.70,0.00086
0.70,2.80,0.00085
0.70,2.90,0.00072
0.70,3.00,0.00083
0.70,3.10,0.00083
0.70,3.20,0.00083
0.70,3.30,0.00082
0.70,3.40,0.00058
0.70,3.50,0.00077
0.70,3.60,0.00072
0.70,3.70,0.00067
0.70,3.80,0.00060
0.70,3.90,0.00053
0.70,4.00,0.00047
0.70,4.10,0.00040
0.70,4.20,0.00035
0.70,4.30,0.00020
0.70,4.40,0.00025
0.70,4.50,0.00021
0.70,4.60,0.00017
0.70,4.70,0.00015
0.70,4.80,0.00012
0.70,4.90,0.00010
0.70,5.00,0.00005
0.80,0.00,0.00127
0.80,0.10,0.00132
0.80,0.20,0.00138
0.80,0.30,0.00143
0.80,0.40,0.00147
0.80,0.50,0.00194
0.80,0.60,0.00155
0.80,0.70,0.00202
0.80,0.80,0.00203
0.80,0.90,0.00151
0.80,1.00,0.00149
0.80,1.10,0.00151
0.80,1.20,0.00147
0.80,1.30,0.00139
0.80,1.40,0.00135
0.80,1.50,0.00131
0.80,1.60,0.00127
0.80,1.70,0.00124
0.80,1.80,0.00118
0.80,1.90,0.00114
0.80,2.00,0.00110
0.80,2.10,0.00106
0.80,2.20,0.00103
0.80,2.30,0.00100
0.80,2.40,0.00094
0.80,2.50,0.00088
0.80,2.60,0.00085
0.80,2.70,0.00088
0.80,2.80,0.00086
0.80,2.90,0.00085
0.80,3.00,0.00084
0.80,3.10,0.00083
0.80,3.20,0.00083
0.80,3.30,0.00083
0.80,3.40,0.00061
0.80,3.50,0.00058
0.80,3.60,0.00054
0.80,3.70,0.00050
0.80,3.80,0.00067
0.80,3.90,0.00060
0.80,4.00,0.00053
0.80,4.10,0.00047
0.80,4.20,0.00041
0.80,4.30,0.00035
0.80,4.40,0.00018
0.80,4.50,0.00015
0.80,4.60,0.00021
0.80,4.70,0.00017
0.80,4.80,0.00015
0.80,4.90,0.00012
0.80,5.00,0.00010
0.90,0.00,0.00121
0.90,0.10,0.00127
0.90,0.20,0.00133
0.90,0.30,0.00138
0.90,0.40,0.00143
0.90,0.50,0.00149
0.90,0.60,0.00150
0.90,0.70,0.00152
0.90,0.80,0.00156
0.90,0.90,0.00153
0.90,1.00,0.00152
0.90,1.10,0.00150
0.90,1.20,0.00147
0.90,1.30,0.00185
0.90,1.40,0.00140
0.90,1.50,0.00136
0.90,1.60,0.00131
0.90,1.70,0.00127
0.90,1.80,0.00123
0.90,1.90,0.00119
0.90,2.00,0.00114
0.90,2.10,0.00119
0.90,2.20,0.00106
0.90,2.30,0.00103
0.90,2.40,0.00099
0.90,2.50,0.00096
0.90,2.60,0.00088
0.90,2.70,0.00085
0.90,2.80,0.00081
0.90,2.90,0.00086
0.90,3.00,0.00073
0.90,3.10,0.00084
0.90,3.20,0.00083
0.90,3.30,0.00083
0.90,3.40,0.00083
0.90,3.50,0.00061
0.90,3.60,0.00080
0.90,3.70,0.00077
0.90,3.80,0.00072
0.90,3.90,0.00067
0.90,4.00,0.00060
0.90,4.10,0.00036
0.90,4.20,0.00031
0.90,4.30,0.00041
0.90,4.40,0.00035
0.90,4.50,0.00030
0.90,4.60,0.00025
0.90,4.70,0.00021
0.90,4.80,0.00011
0.90,4.90,0.00015
0.90,5.00,0.00012
1.00,0.00,0.00115
1.00,0.10,0.00122
1.00,0.20,0.00128
1.00,0.30,0.00133
1.00,0.40,0.00139
1.00,0.50,0.00143
1.00,0.60,0.00147
1.00,0.70,0.00150
1.00,0.80,0.00152
1.00,0.90,0.00153
1.00,1.00,0.00203
1.00,1.10,0.00152
1.00,1.20,0.00154
1.00,1.30,0.00147
1.00,1.40,0.00147
1.00,1.50,0.00140
1.00,1.60,0.00136
1.00,1.70,0.00132
1.00,1.80,0.00127
1.00,1.90,0.00123
1.00,2.00,0.00134
1.00,2.10,0.00115
1.00,2.20,0.00119
1.00,2.30,0.00106
1.00,2.40,0.00103
1.00,2.50,0.00099
1.00,2.60,0.00096
1.00,2.70,0.00093
1.00,2.80,0.00090
1.00,2.90,0.00088
1.00,3.00,0.00086
1.00,3.10,0.00085
1.00,3.20,0.00070
1.00,3.30,0.00083
1.00,3.40,0.00083
1.00,3.50,0.00083
1.00,3.60,0.00057
1.00,3.70,0.00058
1.00,3.80,0.00077
1.00,3.90,0.00072
1.00,4.00,0.00041
1.00,4.10,0.00060
1.00,4.20,0.00053
1.00,4.30,0.00029
1.00,4.40,0.00041
1.00,4.50,0.00035
1.00,4.60,0.00030
1.00,4.70,0.00025
1.00,4.80,0.00021
1.00,4.90,0.00017
1.00,5.00,0.00015
1.10,0.00,0.00125
1.10,0.10,0.00116
1.10,0.20,0.00122
1.10,0.30,0.00152
1.10,0.40,0.00134
1.10,0.50,0.00171
1.10,0.60,0.00145
1.10,0.70,0.00148
1.10,0.80,0.00195
1.10,0.90,0.00153
1.10,1.00,0.00154
1.10,1.10,0.00153
1.10,1.20,0.00152
1.10,1.30,0.00150
1.10,1.40,0.00147
1.10,1.50,0.00144
1.10,1.60,0.00140
1.10,1.70,0.00136
1.10,1.80,0.00132
1.10,1.90,0.00127
1.10,2.00,0.00123
1.10,2.10,0.00119
1.10,2.20,0.00115
1.10,2.30,0.00111
1.10,2.40,0.00107
1.10,2.50,0.00100
1.10,2.60,0.00099
1.10,2.70,0.00096
1.10,2.80,0.00090
1.10,2.90,0.00090
1.10,3.00,0.00088
1.10,3.10,0.00086
1.10,3.20,0.00075
1.10,3.30,0.00084
1.10,3.40,0.00070
1.10,3.50,0.00063
1.10,3.60,0.00083
1.10,3.70,0.00082
1.10,3.80,0.00080
1.10,3.90,0.00077
1.10,4.00,0.00072
1.10,4.10,0.00067
1.10,4.20,0.00060
1.10,4.30,0.00036
1.10,4.40,0.00047
1.10,4.50,0.00041
1.10,4.60,0.00035
1.10,4.70,0.00030
1.10,4.80,0.00025
1.10,4.90,0.00021
1.10,5.00,0.00017
1.20,0.00,0.00105
1.20,0.10,0.00126
1.20,0.20,0.00117
1.20,0.30,0.00123
1.20,0.40,0.00129
1.20,0.50,0.00134
1.20,0.60,0.00140
1.20,0.70,0.00181
1.20,0.80,0.00148
1.20,0.90,0.00151
1.20,1.00,0.00200
1.20,1.10,0.00157
1.20,1.20,0.00154
1.20,1.30,0.00202
1.20,1.40,0.00154
1.20,1.50,0.00147
1.20,1.60,0.00186
1.20,1.70,0.00140
1.20,1.80,0.00139
1.20,1.90,0.00132
1.20,2.00,0.00127
1.20,2.10,0.00143
1.20,2.20,0.00119
1.20,2.30,0.00115
1.20,2.40,0.00111
1.20,2.50,0.00107
1.20,2.60,0.00103
1.20,2.70,0.00099
1.20,2.80,0.00096
1.20,2.90,0.00093
1.20,3.00,0.00085
1.20,3.10,0.00088
1.20,3.20,0.00086
1.20,3.30,0.00085
1.20,3.40,0.00070
1.20,3.50,0.00083
1.20,3.60,0.00067
1.20,3.70,0.00083
1.20,3.80,0.00082
1.20,3.90,0.00080
1.20,4.00,0.00077
1.20,4.10,0.00072
1.20,4.20,0.00067
1.20,4.30,0.00060
1.20,4.40,0.00053
1.20,4.50,0.00047
1.20,4.60,0.00041
1.20,4.70,0.00035
1.20,4.80,0.00030
1.20,4.90,0.00025
1.20,5.00,0.00014
1.30,0.00,0.00111
1.30,0.10,0.00107
1.30,0.20,0.00112
1.30,0.30,0.00135
1.30,0.40,0.00124
1.30,0.50,0.00130
1.30,0.60,0.00135
1.30,0.70,0.00140
1.30,0.80,0.00144
1.30,0.90,0.00189
1.30,1.00,0.00154
1.30,1.10,0.00153
1.30,1.20,0.00154
1.30,1.30,0.00154
1.30,1.40,0.00153
1.30,1.50,0.00150
1.30,1.60,0.00147
1.30,1.70,0.00148
1.30,1.80,0.00140
1.30,1.90,0.00139
1.30,2.00,0.00132
1.30,2.10,0.00151
1.30,2.20,0.00123
1.30,2.30,0.00119
1.30,2.40,0.00115
1.30,2.50,0.00119
1.30,2.60,0.00112
1.30,2.70,0.00103
1.30,2.80,0.00099
1.30,2.90,0.00096
1.30,3.00,0.00093
1.30,3.10,0.00090
1.30,3.20,0.00088
1.30,3.30,0.00086
1.30,3.40,0.00085
1.30,3.50,0.00084
1.30,3.60,0.00070
1.30,3.70,0.00083
1.30,3.80,0.00060
1.30,3.90,0.00082
1.30,4.00,0.00053
1.30,4.10,0.00077
1.30,4.20,0.00046
1.30,4.30,0.00067
1.30,4.40,0.00060
1.30,4.50,0.00053
1.30,4.60,0.00031
1.30,4.70,0.00041
1.30,4.80,0.00021
1.30,4.90,0.00030
1.30,5.00,0.00025
1.40,0.00,0.00096
1.40,0.10,0.00102
1.40,0.20,0.00107
1.40,0.30,0.00113
1.40,0.40,0.00119
1.40,0.50,0.00145
1.40,0.60,0.00130
1.40,0.70,0.00136
1.40,0.80,0.00172
1.40,0.90,0.00145
1.40,1.00,0.00150
1.40,1.10,0.00151
1.40,1.20,0.00156
1.40,1.30,0.00154
1.40,1.40,0.00154
1.40,1.50,0.00153
1.40,1.60,0.00155
1.40,1.70,0.00193
1.40,1.80,0.00186
1.40,1.90,0.00140
1.40,2.00,0.00136
1.40,2.10,0.00132
1.40,2.20,0.00128
1.40,2.30,0.00123
1.40,2.40,0.00119
1.40,2.50,0.00115
1.40,2.60,0.00111
1.40,2.70,0.00107
1.40,2.80,0.00101
1.40,2.90,0.00099
1.40,3.00,0.00096
1.40,3.10,0.00093
1.40,3.20,0.00090
1.40,3.30,0.00088
1.40,3.40,0.00078
1.40,3.50,0.00085
1.40,3.60,0.00084
1.40,3.70,0.00083
1.40,3.80,0.00083
1.40,3.90,0.00083
1.40,4.00,0.00082
1.40,4.10,0.00080
1.40,4.20,0.00077
1.40,4.30,0.00072
1.40,4.40,0.00067
1.40,4.50,0.00060
1.40,4.60,0.00053
1.40,4.70,0.00029
1.40,4.80,0.00041
1.40,4.90,0.00021
1.40,5.00,0.00030
1.50,0.00,0.00092
1.50,0.10,0.00097
1.50,0.20,0.00102
1.50,0.30,0.00120
1.50,0.40,0.00114
1.50,0.50,0.00119
1.50,0.60,0.00125
1.50,0.70,0.00130
1.50,0.80,0.00136
1.50,0.90,0.00140
1.50,1.00,0.00145
1.50,1.10,0.00149
1.50,1.20,0.00152
1.50,1.30,0.00153
1.50,1.40,0.00154
1.50,1.50,0.00154
1.50,1.60,0.00203
1.50,1.70,0.00151
1.50,1.80,0.00148
1.50,1.90,0.00144
1.50,2.00,0.00140
1.50,2.10,0.00139
1.50,2.20,0.00132
1.50,2.30,0.00128
1.50,2.40,0.00123
1.50,2.50,0.00119
1.50,2.60,0.00115
1.50,2.70,0.00111
1.50,2.80,0.00107
1.50,2.90,0.00106
1.50,3.00,0.00099
1.50,3.10,0.00096
1.50,3.20,0.00093
1.50,3.30,0.00090
1.50,3.40,0.00088
1.50,3.50,0.00078
1.50,3.60,0.00085
1.50,3.70,0.00084
1.50,3.80,0.00083
1.50,3.90,0.00083
1.50,4.00,0.00083
1.50,4.10,0.00082
1.50,4.20,0.00080
1.50,4.30,0.00077
1.50,4.40,0.00072
1.50,4.50,0.00045
1.50,4.60,0.00060
1.50,4.70,0.00053
1.50,4.80,0.00047
1.50,4.90,0.00041
1.50,5.00,0.00021
1.60,0.00,0.00088
1.60,0.10,0.00093
1.60,0.20,0.00098
1.60,0.30,0.00103
1.60,0.40,0.00109
1.60,0.50,0.00114
1.60,0.60,0.00120
1.60,0.70,0.00125
1.60,0.80,0.00131
1.60,0.90,0.00136
1.60,1.00,0.00141
1.60,1.10,0.00145
1.60,1.20,0.00149
1.60,1.30,0.00152
1.60,1.40,0.00154
1.60,1.50,0.00154
1.60,1.60,0.00204
1.60,1.70,0.00157
1.60,1.80,0.00151
1.60,1.90,0.00148
1.60,2.00,0.00186
1.60,2.10,0.00178
1.60,2.20,0.00136
1.60,2.30,0.00132
1.60,2.40,0.00128
1.60,2.50,0.00124
1.60,2.60,0.00119
1.60,2.70,0.00115
1.60,2.80,0.00111
1.60,2.90,0.00112
1.60,3.00,0.00103
1.60,3.10,0.00099
1.60,3.20,0.00096
1.60,3.30,0.00088
1.60,3.40,0.00090
1.60,3.50,0.00081
1.60,3.60,0.00086
1.60,3.70,0.00085
1.60,3.80,0.00084
1.60,3.90,0.00083
1.60,4.00,0.00067
1.60,4.10,0.00083
1.60,4.20,0.00082
1.60,4.30,0.00058
1.60,4.40,0.00050
1.60,4.50,0.00072
1.60,4.60,0.00067
1.60,4.70,0.00060
1.60,4.80,0.00033
1.60,4.90,0.00029
1.60,5.00,0.00041
1.70,0.00,0.00084
1.70,0.10,0.00088
1.70,0.20,0.00093
1.70,0.30,0.00098
1.70,0.40,0.00104
1.70,0.50,0.00109
1.70,0.60,0.00129
1.70,0.70,0.00120
1.70,0.80,0.00146
1.70,0.90,0.00131
1.70,1.00,0.00136
1.70,1.10,0.00141
1.70,1.20,0.00145
1.70,1.30,0.00151
1.70,1.40,0.00152
1.70,1.50,0.00154
1.70,1.60,0.00154
1.70,1.70,0.00154
1.70,1.80,0.00153
1.70,1.90,0.00151
1.70,2.00,0.00148
1.70,2.10,0.00148
1.70,2.20,0.00140
1.70,2.30,0.00136
1.70,2.40,0.00132
1.70,2.50,0.00128
1.70,2.60,0.00143
1.70,2.70,0.00119
1.70,2.80,0.00115
1.70,2.90,0.00111
1.70,3.00,0.00107
1.70,3.10,0.00103
1.70,3.20,0.00099
1.70,3.30,0.00092
1.70,3.40,0.00093
1.70,3.50,0.00090
1.70,3.60,0.00088
1.70,3.70,0.00086
1.70,3.80,0.00085
1.70,3.90,0.00084
1.70,4.00,0.00083
1.70,4.10,0.00083
1.70,4.20,0.00083
1.70,4.30,0.00082
1.70,4.40,0.00080
1.70,4.50,0.00077
1.70,4.60,0.00072
1.70,4.70,0.00067
1.70,4.80,0.00040
1.70,4.90,0.00053
1.70,5.00,0.00029
1.80,0.00,0.00080
1.80,0.10,0.00084
1.80,0.20,0.00089
1.80,0.30,0.00094
1.80,0.40,0.00099
1.80,0.50,0.00104
1.80,0.60,0.00121
1.80,0.70,0.00129
1.80,0.80,0.00120
1.80,0.90,0.00126
1.80,1.00,0.00131
1.80,1.10,0.00136
1.80,1.20,0.00141
1.80,1.30,0.00182
1.80,1.40,0.00149
1.80,1.50,0.00152
1.80,1.60,0.00154
1.80,1.70,0.00204
1.80,1.80,0.00154
1.80,1.90,0.00153
1.80,2.00,0.00151
1.80,2.10,0.00152
1.80,2.20,0.00144
1.80,2.30,0.00178
1.80,2.40,0.00139
1.80,2.50,0.00160
1.80,2.60,0.00128
1.80,2.70,0.00123
1.80,2.80,0.00119
1.80,2.90,0.00115
1.80,3.00,0.00111
1.80,3.10,0.00107
1.80,3.20,0.00103
1.80,3.30,0.00100
1.80,3.40,0.00096
1.80,3.50,0.00093
1.80,3.60,0.00090
1.80,3.70,0.00081
1.80,3.80,0.00077
1.80,3.90,0.00085
1.80,4.00,0.00070
1.80,4.10,0.00067
1.80,4.20,0.00083
1.80,4.30,0.00060
1.80,4.40,0.00082
1.80,4.50,0.00080
1.80,4.60,0.00054
1.80,4.70,0.00046
1.80,4.80,0.00067
1.80,4.90,0.00037
1.80,5.00,0.00053
1.90,0.00,0.00076
1.90,0.10,0.00081
1.90,0.20,0.00085
1.90,0.30,0.00096
1.90,0.40,0.00094
1.90,0.50,0.00099
1.90,0.60,0.00104
1.90,0.70,0.00110
1.90,0.80,0.00115
1.90,0.90,0.00120
1.90,1.00,0.00126
1.90,1.10,0.00131
1.90,1.20,0.00164
1.90,1.30,0.00141
1.90,1.40,0.00147
1.90,1.50,0.00149
1.90,1.60,0.00196
1.90,1.70,0.00157
1.90,1.80,0.00154
1.90,1.90,0.00158
1.90,2.00,0.00203
1.90,2.10,0.00151
1.90,2.20,0.00152
1.90,2.30,0.00144
1.90,2.40,0.00140
1.90,2.50,0.00169
1.90,2.60,0.00160
1.90,2.70,0.00128
1.90,2.80,0.00123
1.90,2.90,0.00119
1.90,3.00,0.00115
1.90,3.10,0.00111
1.90,3.20,0.00107
1.90,3.30,0.00103
1.90,3.40,0.00099
1.90,3.50,0.00092
1.90,3.60,0.00093
1.90,3.70,0.00090
1.90,3.80,0.00088
1.90,3.90,0.00086
1.90,4.00,0.00085
1.90,4.10,0.00084
1.90,4.20,0.00083
1.90,4.30,0.00083
1.90,4.40,0.00064
1.90,4.50,0.00082
1.90,4.60,0.00080
1.90,4.70,0.00077
1.90,4.80,0.00046
1.90,4.90,0.00067
1.90,5.00,0.00060
2.00,0.00,0.00073
2.00,0.10,0.00077
2.00,0.20,0.00081
2.00,0.30,0.00085
2.00,0.40,0.00090
2.00,0.50,0.00095
2.00,0.60,0.00100
2.00,0.70,0.00105
2.00,0.80,0.00110
2.00,0.90,0.00129
2.00,1.00,0.00120
2.00,1.10,0.00126
2.00,1.20,0.00131
2.00,1.30,0.00136
2.00,1.40,0.00142
2.00,1.50,0.00145
2.00,1.60,0.00149
2.00,1.70,0.00152
2.00,1.80,0.00154
2.00,1.90,0.00204
2.00,2.00,0.00154
2.00,2.10,0.00203
2.00,2.20,0.00151
2.00,2.30,0.00148
2.00,2.40,0.00144
2.00,2.50,0.00140
2.00,2.60,0.00136
2.00,2.70,0.00160
2.00,2.80,0.00128
2.00,2.90,0.00143
2.00,3.00,0.00119
2.00,3.10,0.00115
2.00,3.20,0.00111
2.00,3.30,0.00107
2.00,3.40,0.00103
2.00,3.50,0.00099
2.00,3.60,0.00096
2.00,3.70,0.00093
2.00,3.80,0.00090
2.00,3.90,0.00088
2.00,4.00,0.00086
2.00,4.10,0.00075
2.00,4.20,0.00084
2.00,4.30,0.00083
2.00,4.40,0.00083
2.00,4.50,0.00083
2.00,4.60,0.00061
2.00,4.70,0.00053
2.00,4.80,0.00077
2.00,4.90,0.00072
2.00,5.00,0.00067
2.10,0.00,0.00070
2.10,0.10,0.00074
2.10,0.20,0.00078
2.10,0.30,0.00081
2.10,0.40,0.00086
2.10,0.50,0.00090
2.10,0.60,0.00095
2.10,0.70,0.00100
2.10,0.80,0.00105
2.10,0.90,0.00110
2.10,1.00,0.00115
2.10,1.10,0.00121
2.10,1.20,0.00126
2.10,1.30,0.00131
2.10,1.40,0.00164
2.10,1.50,0.00173
2.10,1.60,0.00145
2.10,1.70,0.00151
2.10,1.80,0.00152
2.10,1.90,0.00154
2.10,2.00,0.00155
2.10,2.10,0.00154
2.10,2.20,0.00153
2.10,2.30,0.00151
2.10,2.40,0.00152
2.10,2.50,0.00144
2.10,2.60,0.00140
2.10,2.70,0.00136
2.10,2.80,0.00132
2.10,2.90,0.00151
2.10,3.00,0.00123
2.10,3.10,0.00119
2.10,3.20,0.00114
2.10,3.30,0.00119
2.10,3.40,0.00107
2.10,3.50,0.00103
2.10,3.60,0.00100
2.10,3.70,0.00096
2.10,3.80,0.00088
2.10,3.90,0.00085
2.10,4.00,0.00088
2.10,4.10,0.00086
2.10,4.20,0.00085
2.10,4.30,0.00084
2.10,4.40,0.00083
2.10,4.50,0.00083
2.10,4.60,0.00083
2.10,4.70,0.00082
2.10,4.80,0.00080
2.10,4.90,0.00077
2.10,5.00,0.00046
2.20,0.00,0.00067
2.20,0.10,0.00070
2.20,0.20,0.00073
2.20,0.30,0.00078
2.20,0.40,0.00082
2.20,0.50,0.00086
2.20,0.60,0.00090
2.20,0.70,0.00095
2.20,0.80,0.00100
2.20,0.90,0.00105
2.20,1.00,0.00110
2.20,1.10,0.00115
2.20,1.20,0.00121
2.20,1.30,0.00126
2.20,1.40,0.00131
2.20,1.50,0.00164
2.20,1.60,0.00141
2.20,1.70,0.00145
2.20,1.80,0.00149
2.20,1.90,0.00154
2.20,2.00,0.00154
2.20,2.10,0.00158
2.20,2.20,0.00154
2.20,2.30,0.00203
2.20,2.40,0.00151
2.20,2.50,0.00148
2.20,2.60,0.00144
2.20,2.70,0.00144
2.20,2.80,0.00139
2.20,2.90,0.00132
2.20,3.00,0.00151
2.20,3.10,0.00143
2.20,3.20,0.00119
2.20,3.30,0.00115
2.20,3.40,0.00111
2.20,3.50,0.00107
2.20,3.60,0.00103
2.20,3.70,0.00099
2.20,3.80,0.00096
2.20,3.90,0.00093
2.20,4.00,0.00090
2.20,4.10,0.00081
2.20,4.20,0.00086
2.20,4.30,0.00085
2.20,4.40,0.00072
2.20,4.50,0.00083
2.20,4.70,0.00060
2.20,4.60,0.00083
2.20,4.80,0.00082
2.20,4.90,0.00080
2.20,5.00,0.00077
2.30,0.00,0.00064
2.30,0.10,0.00067
2.30,0.20,0.00071
2.30,0.30,0.00074
2.30,0.40,0.00084
2.30,0.50,0.00082
2.30,0.60,0.00086
2.30,0.70,0.00091
2.30,0.80,0.00095
2.30,0.90,0.00100
2.30,1.00,0.00105
2.30,1.10,0.00110
2.30,1.20,0.00115
2.30,1.30,0.00121
2.30,1.40,0.00126
2.30,1.50,0.00131
2.30,1.60,0.00136
2.30,1.70,0.00141
2.30,1.80,0.00145
2.30,1.90,0.00149
2.30,2.00,0.00196
2.30,2.10,0.00154
2.30,2.20,0.00155
2.30,2.30,0.00154
2.30,2.40,0.00153
2.30,2.50,0.00151
2.30,2.60,0.00148
2.30,2.70,0.00144
2.30,2.80,0.00140
2.30,2.90,0.00136
2.30,3.00,0.00132
2.30,3.10,0.00128
2.30,3.20,0.00123
2.30,3.30,0.00134
2.30,3.40,0.00115
2.30,3.50,0.00111
2.30,3.60,0.00107
2.30,3.70,0.00103
2.30,3.80,0.00099
2.30,3.90,0.00096
2.30,4.00,0.00088
2.30,4.10,0.00085
2.30,4.20,0.00088
2.30,4.30,0.00086
2.30,4.40,0.00085
2.30,4.50,0.00084
2.30,4.60,0.00083
2.30,4.70,0.00083
2.30,4.80,0.00083
2.30,4.90,0.00082
2.30,5.00,0.00080
2.40,0.00,0.00061
2.40,0.10,0.00064
2.40,0.20,0.00068
2.40,0.30,0.00071
2.40,0.40,0.00080
2.40,0.50,0.00078
2.40,0.60,0.00082
2.40,0.70,0.00092
2.40,0.80,0.00091
2.40,0.90,0.00095
2.40,1.00,0.00100
2.40,1.10,0.00105
2.40,1.20,0.00110
2.40,1.30,0.00115
2.40,1.40,0.00121
2.40,1.50,0.00126
2.40,1.60,0.00131
2.40,1.70,0.00136
2.40,1.80,0.00141
2.40,1.90,0.00145
2.40,2.00,0.00149
2.40,2.10,0.00152
2.40,2.20,0.00154
2.40,2.30,0.00155
2.40,2.40,0.00154
2.40,2.50,0.00153
2.40,2.60,0.00155
2.40,2.70,0.00148
2.40,2.80,0.00144
2.40,2.90,0.00140
2.40,3.00,0.00136
2.40,3.10,0.00134
2.40,3.20,0.00128
2.40,3.30,0.00123
2.40,3.40,0.00119
2.40,3.50,0.00115
2.40,3.60,0.00119
2.40,3.70,0.00107
2.40,3.80,0.00106
2.40,3.90,0.00100
2.40,4.00,0.00096
2.40,4.10,0.00093
2.40,4.20,0.00090
2.40,4.30,0.00088
2.40,4.40,0.00086
2.40,4.50,0.00085
2.40,4.60,0.00084
2.40,4.70,0.00083
2.40,4.80,0.00083
2.40,4.90,0.00083
2.40,5.00,0.00082
2.50,0.00,0.00058
2.50,0.10,0.00061
2.50,0.20,0.00071
2.50,0.30,0.00066
2.50,0.40,0.00071
2.50,0.50,0.00075
2.50,0.60,0.00078
2.50,0.70,0.00082
2.50,0.80,0.00086
2.50,0.90,0.00091
2.50,1.00,0.00095
2.50,1.10,0.00100
2.50,1.20,0.00105
2.50,1.30,0.00110
2.50,1.40,0.00115
2.50,1.50,0.00121
2.50,1.60,0.00126
2.50,1.70,0.00131
2.50,1.80,0.00136
2.50,1.90,0.00141
2.50,2.00,0.00145
2.50,2.10,0.00149
2.50,2.20,0.00152
2.50,2.30,0.00154
2.50,2.40,0.00155
2.50,2.50,0.00154
2.50,2.60,0.00153
2.50,2.70,0.00151
2.50,2.80,0.00148
2.50,2.90,0.00144
2.50,3.00,0.00140
2.50,3.10,0.00136
2.50,3.20,0.00132
2.50,3.30,0.00128
2.50,3.40,0.00123
2.50,3.50,0.00119
2.50,3.60,0.00115
2.50,3.70,0.00111
2.50,3.80,0.00107
2.50,3.90,0.00101
2.50,4.00,0.00096
2.50,4.10,0.00095
2.50,4.20,0.00093
2.50,4.30,0.00090
2.50,4.40,0.00081
2.50,4.50,0.00086
2.50,4.60,0.00085
2.50,4.70,0.00084
2.50,4.80,0.00083
2.50,4.90,0.00083
2.50,5.00,0.00083
2.60,0.00,0.00054
2.60,0.10,0.00058
2.60,0.20,0.00061
2.60,0.30,0.00071
2.60,0.40,0.00066
2.60,0.50,0.00071
2.60,0.60,0.00074
2.60,0.70,0.00084
2.60,0.80,0.00082
2.60,0.90,0.00086
2.60,1.00,0.00091
2.60,1.10,0.00095
2.60,1.20,0.00100
2.60,1.30,0.00105
2.60,1.40,0.00110
2.60,1.50,0.00115
2.60,1.60,0.00121
2.60,1.70,0.00126
2.60,1.80,0.00131
2.60,1.90,0.00136
2.60,2.00,0.00142
2.60,2.10,0.00145
2.60,2.20,0.00149
2.60,2.30,0.00152
2.60,2.40,0.00154
2.60,2.50,0.00155
2.60,2.60,0.00154
2.60,2.70,0.00153
2.60,2.80,0.00151
2.60,2.90,0.00148
2.60,3.00,0.00144
2.60,3.10,0.00140
2.60,3.20,0.00136
2.60,3.30,0.00132
2.60,3.40,0.00128
2.60,3.50,0.00143
2.60,3.60,0.00119
2.60,3.70,0.00115
2.60,3.80,0.00110
2.60,3.90,0.00105
2.60,4.00,0.00103
2.60,4.10,0.00099
2.60,4.20,0.00096
2.60,4.30,0.00093
2.60,4.40,0.00090
2.60,4.50,0.00088
2.60,4.60,0.00086
2.60,4.70,0.00085
2.60,4.80,0.00084
2.60,4.90,0.00067
2.60,5.00,0.00083
2.70,0.00,0.00059
2.70,0.10,0.00055
2.70,0.20,0.00058
2.70,0.30,0.00062
2.70,0.40,0.00062
2.70,0.50,0.00068
2.70,0.60,0.00071
2.70,0.70,0.00075
2.70,0.80,0.00079
2.70,0.90,0.00082
2.70,1.00,0.00087
2.70,1.10,0.00091
2.70,1.20,0.00095
2.70,1.30,0.00100
2.70,1.40,0.00105
2.70,1.50,0.00110
2.70,1.60,0.00130
2.70,1.70,0.00121
2.70,1.80,0.00126
2.70,1.90,0.00131
2.70,2.00,0.00136
2.70,2.10,0.00141
2.70,2.20,0.00147
2.70,2.30,0.00149
2.70,2.40,0.00152
2.70,2.50,0.00157
2.70,2.60,0.00155
2.70,2.70,0.00158
2.70,2.80,0.00157
2.70,2.90,0.00151
2.70,3.00,0.00148
2.70,3.10,0.00144
2.70,3.20,0.00140
2.70,3.30,0.00136
2.70,3.40,0.00132
2.70,3.50,0.00128
2.70,3.60,0.00123
2.70,3.70,0.00119
2.70,3.80,0.00115
2.70,3.90,0.00111
2.70,4.00,0.00112
2.70,4.10,0.00106
2.70,4.20,0.00100
2.70,4.30,0.00092
2.70,4.40,0.00088
2.70,4.50,0.00090
2.70,4.60,0.00088
2.70,4.70,0.00086
2.70,4.80,0.00085
2.70,4.90,0.00084
2.70,5.00,0.00083
2.80,0.00,0.00047
2.80,0.10,0.00051
2.80,0.20,0.00055
2.80,0.30,0.00058
2.80,0.40,0.00062
2.80,0.50,0.00065
2.80,0.60,0.00068
2.80,0.70,0.00070
2.80,0.80,0.00075
2.80,0.90,0.00084
2.80,1.00,0.00083
2.80,1.10,0.00087
2.80,1.20,0.00091
2.80,1.30,0.00095
2.80,1.40,0.00100
2.80,1.50,0.00105
2.80,1.60,0.00110
2.80,1.70,0.00115
2.80,1.80,0.00121
2.80,1.90,0.00126
2.80,2.00,0.00131
2.80,2.10,0.00136
2.80,2.20,0.00141
2.80,2.30,0.00147
2.80,2.40,0.00149
2.80,2.50,0.00154
2.80,2.60,0.00154
2.80,2.70,0.00155
2.80,2.80,0.00158
2.80,2.90,0.00157
2.80,3.00,0.00151
2.80,3.10,0.00152
2.80,3.20,0.00144
2.80,3.30,0.00144
2.80,3.40,0.00136
2.80,3.50,0.00132
2.80,3.60,0.00128
2.80,3.70,0.00123
2.80,3.80,0.00134
2.80,3.90,0.00115
2.80,4.00,0.00110
2.80,4.10,0.00112
2.80,4.20,0.00103
2.80,4.30,0.00099
2.80,4.40,0.00096
2.80,4.50,0.00093
2.80,4.60,0.00090
2.80,4.70,0.00088
2.80,4.80,0.00086
2.80,4.90,0.00073
2.80,5.00,0.00084
2.90,0.00,0.00038
2.90,0.10,0.00047
2.90,0.20,0.00051
2.90,0.30,0.00063
2.90,0.40,0.00058
2.90,0.50,0.00062
2.90,0.60,0.00065
2.90,0.70,0.00068
2.90,0.80,0.00072
2.90,0.90,0.00075
2.90,1.00,0.00078
2.90,1.10,0.00083
2.90,1.20,0.00093
2.90,1.30,0.00091
2.90,1.40,0.00095
2.90,1.50,0.00100
2.90,1.60,0.00105
2.90,1.70,0.00110
2.90,1.80,0.00130
2.90,1.90,0.00121
2.90,2.00,0.00146
2.90,2.10,0.00131
2.90,2.20,0.00136
2.90,2.30,0.00141
2.90,2.40,0.00145
2.90,2.50,0.00149
2.90,2.60,0.00152
2.90,2.70,0.00154
2.90,2.80,0.00155
2.90,2.90,0.00205
2.90,3.00,0.00153
2.90,3.10,0.00151
2.90,3.20,0.00148
2.90,3.30,0.00186
2.90,3.40,0.00140
2.90,3.50,0.00136
2.90,3.60,0.00132
2.90,3.70,0.00128
2.90,3.80,0.00123
2.90,3.90,0.00119
2.90,4.00,0.00115
2.90,4.10,0.00111
2.90,4.20,0.00107
2.90,4.30,0.00103
2.90,4.40,0.00099
2.90,4.50,0.00096
2.90,4.60,0.00093
2.90,4.70,0.00085
2.90,4.80,0.00081
2.90,4.90,0.00086
2.90,5.00,0.00085
3.00,0.00,0.00046
3.00,0.10,0.00043
3.00,0.20,0.00047
3.00,0.30,0.00051
3.00,0.40,0.00055
3.00,0.50,0.00055
3.00,0.60,0.00062
3.00,0.70,0.00065
3.00,0.80,0.00068
3.00,0.90,0.00072
3.00,1.00,0.00075
3.00,1.10,0.00079
3.00,1.20,0.00088
3.00,1.30,0.00087
3.00,1.40,0.00091
3.00,1.50,0.00103
3.00,1.60,0.00100
3.00,1.70,0.00115
3.00,1.80,0.00110
3.00,1.90,0.00115
3.00,2.00,0.00121
3.00,2.10,0.00146
3.00,2.20,0.00155
3.00,2.30,0.00136
3.00,2.40,0.00141
3.00,2.50,0.00182
3.00,2.60,0.00149
3.00,2.70,0.00152
3.00,2.80,0.00154
3.00,2.90,0.00155
3.00,3.00,0.00154
3.00,3.10,0.00153
3.00,3.20,0.00151
3.00,3.30,0.00148
3.00,3.40,0.00148
3.00,3.50,0.00140
3.00,3.60,0.00139
3.00,3.70,0.00132
3.00,3.80,0.00128
3.00,3.90,0.00123
3.00,4.00,0.00119
3.00,4.10,0.00115
3.00,4.20,0.00110
3.00,4.30,0.00107
3.00,4.40,0.00101
3.00,4.50,0.00099
3.00,4.60,0.00096
3.00,4.70,0.00093
3.00,4.80,0.00085
3.00,4.90,0.00088
3.00,5.00,0.00077
3.10,0.00,0.00035
3.10,0.10,0.00039
3.10,0.20,0.00043
3.10,0.30,0.00048
3.10,0.40,0.00051
3.10,0.50,0.00051
3.10,0.60,0.00066
3.10,0.70,0.00062
3.10,0.80,0.00065
3.10,0.90,0.00074
3.10,1.00,0.00072
3.10,1.10,0.00075
3.10,1.20,0.00079
3.10,1.30,0.00083
3.10,1.40,0.00086
3.10,1.50,0.00091
3.10,1.60,0.00103
3.10,1.70,0.00100
3.10,1.80,0.00115
3.10,1.90,0.00110
3.10,2.00,0.00115
3.10,2.10,0.00121
3.10,2.20,0.00126
3.10,2.30,0.00155
3.10,2.40,0.00136
3.10,2.50,0.00141
3.10,2.60,0.00182
3.10,2.70,0.00190
3.10,2.80,0.00196
3.10,2.90,0.00154
3.10,3.00,0.00155
3.10,3.10,0.00158
3.10,3.20,0.00157
3.10,3.30,0.00199
3.10,3.40,0.00148
3.10,3.50,0.00144
3.10,3.60,0.00140
3.10,3.70,0.00136
3.10,3.80,0.00134
3.10,3.90,0.00128
3.10,4.00,0.00123
3.10,4.10,0.00119
3.10,4.20,0.00127
3.10,4.30,0.00119
3.10,4.40,0.00105
3.10,4.50,0.00103
3.10,4.60,0.00099
3.10,4.70,0.00096
3.10,4.80,0.00093
3.10,4.90,0.00090
3.10,5.00,0.00088
3.20,0.00,0.00037
3.20,0.10,0.00035
3.20,0.20,0.00039
3.20,0.30,0.00043
3.20,0.40,0.00042
3.20,0.50,0.00047
3.20,0.60,0.00055
3.20,0.70,0.00059
3.20,0.80,0.00059
3.20,0.90,0.00065
3.20,1.00,0.00068
3.20,1.10,0.00070
3.20,1.20,0.00075
3.20,1.30,0.00079
3.20,1.40,0.00083
3.20,1.50,0.00086
3.20,1.60,0.00091
3.20,1.70,0.00095
3.20,1.80,0.00100
3.20,1.90,0.00105
3.20,2.00,0.00122
3.20,2.10,0.00115
3.20,2.20,0.00121
3.20,2.30,0.00126
3.20,2.40,0.00132
3.20,2.50,0.00136
3.20,2.60,0.00141
3.20,2.70,0.00147
3.20,2.80,0.00190
3.20,2.90,0.00152
3.20,3.00,0.00154
3.20,3.10,0.00204
3.20,3.20,0.00154
3.20,3.30,0.00153
3.20,3.40,0.00151
3.20,3.50,0.00148
3.20,3.60,0.00186
3.20,3.70,0.00140
3.20,3.80,0.00136
3.20,3.90,0.00132
3.20,4.00,0.00128
3.20,4.10,0.00123
3.20,4.20,0.00119
3.20,4.30,0.00127
3.20,4.40,0.00111
3.20,4.50,0.00105
3.20,4.60,0.00103
3.20,4.70,0.00099
3.20,4.80,0.00096
3.20,4.90,0.00093
3.20,5.00,0.00090
3.30,0.00,0.00022
3.30,0.10,0.00031
3.30,0.20,0.00035
3.30,0.30,0.00034
3.30,0.40,0.00044
3.30,0.50,0.00055
3.30,0.60,0.00051
3.30,0.70,0.00055
3.30,0.80,0.00059
3.30,0.90,0.00062
3.30,1.00,0.00065
3.30,1.10,0.00068
3.30,1.20,0.00072
3.30,1.30,0.00075
3.30,1.40,0.00084
3.30,1.50,0.00083
3.30,1.60,0.00087
3.30,1.70,0.00091
3.30,1.90,0.00100
3.30,1.80,0.00095
3.30,2.00,0.00105
3.30,2.10,0.00110
3.30,2.20,0.00115
3.30,2.30,0.00138
3.30,2.40,0.00126
3.30,2.50,0.00132
3.30,2.60,0.00136
3.30,2.70,0.00173
3.30,2.80,0.00145
3.30,2.90,0.00149
3.30,3.00,0.00152
3.30,3.10,0.00154
3.30,3.20,0.00155
3.30,3.30,0.00154
3.30,3.40,0.00157
3.30,3.50,0.00151
3.30,3.60,0.00148
3.30,3.70,0.00144
3.30,3.80,0.00140
3.30,3.90,0.00136
3.30,4.00,0.00160
3.30,4.10,0.00128
3.30,4.20,0.00123
3.30,4.30,0.00119
3.30,4.40,0.00115
3.30,4.50,0.00119
3.30,4.60,0.00107
3.30,4.70,0.00103
3.30,4.80,0.00100
3.30,4.90,0.00092
3.30,5.00,0.00093
3.40,0.00,0.00023
3.40,0.10,0.00032
3.40,0.20,0.00031
3.40,0.30,0.00042
3.40,0.40,0.00039
3.40,0.50,0.00044
3.40,0.60,0.00048
3.40,0.70,0.00047
3.40,0.80,0.00051
3.40,0.90,0.00059
3.40,1.00,0.00069
3.40,1.10,0.00065
3.40,1.20,0.00068
3.40,1.30,0.00072
3.40,1.40,0.00074
3.40,1.50,0.00079
3.40,1.60,0.00083
3.40,1.70,0.00086
3.40,1.80,0.00091
3.40,1.90,0.00095
3.40,2.00,0.00100
3.40,2.10,0.00105
3.40,2.20,0.00110
3.40,2.30,0.00115
3.40,2.40,0.00121
3.40,2.50,0.00146
3.40,2.60,0.00132
3.40,2.70,0.00136
3.40,2.80,0.00141
3.40,2.90,0.00145
3.40,3.00,0.00149
3.40,3.10,0.00152
3.40,3.20,0.00157
3.40,3.30,0.00155
3.40,3.40,0.00154
3.40,3.50,0.00153
3.40,3.60,0.00155
3.40,3.70,0.00152
3.40,3.80,0.00144
3.40,3.90,0.00178
3.40,4.00,0.00136
3.40,4.10,0.00132
3.40,4.20,0.00128
3.40,4.30,0.00143
3.40,4.40,0.00119
3.40,4.50,0.00115
3.40,4.60,0.00111
3.40,4.70,0.00107
3.40,4.80,0.00103
3.40,4.90,0.00099
3.40,5.00,0.00096
3.50,0.00,0.00024
3.50,0.10,0.00023
3.50,0.20,0.00027
3.50,0.30,0.00037
3.50,0.40,0.00035
3.50,0.50,0.00039
3.50,0.60,0.00044
3.50,0.70,0.00048
3.50,0.80,0.00052
3.50,0.90,0.00051
3.50,1.00,0.00059
3.50,1.10,0.00062
3.50,1.20,0.00065
3.50,1.30,0.00068
3.50,1.40,0.00077
3.50,1.50,0.00075
3.50,1.60,0.00079
3.50,1.70,0.00083
3.50,1.80,0.00087
3.50,1.90,0.00091
3.50,2.00,0.00096
3.50,2.10,0.00100
3.50,2.20,0.00105
3.50,2.30,0.00110
3.50,2.40,0.00115
3.50,2.50,0.00121
3.50,2.60,0.00126
3.50,2.70,0.00131
3.50,2.80,0.00136
3.50,2.90,0.00141
3.50,3.00,0.00145
3.50,3.10,0.00190
3.50,3.20,0.00152
3.50,3.30,0.00157
3.50,3.40,0.00158
3.50,3.50,0.00154
3.50,3.60,0.00153
3.50,3.70,0.00151
3.50,3.80,0.00148
3.50,4.00,0.00140
3.50,3.90,0.00144
3.50,4.10,0.00169
3.50,4.20,0.00134
3.50,4.30,0.00128
3.50,4.40,0.00123
3.50,4.50,0.00119
3.50,4.60,0.00127
3.50,4.70,0.00110
3.50,4.80,0.00107
3.50,4.90,0.00103
3.50,5.00,0.00099
3.60,0.00,0.00017
3.60,0.10,0.00020
3.60,0.20,0.00023
3.60,0.30,0.00027
3.60,0.40,0.00031
3.60,0.50,0.00035
3.60,0.60,0.00034
3.60,0.70,0.00044
3.60,0.80,0.00048
3.60,0.90,0.00047
3.60,1.00,0.00055
3.60,1.10,0.00059
3.60,1.20,0.00059
3.60,1.30,0.00065
3.60,1.40,0.00068
3.60,1.50,0.00072
3.60,1.60,0.00081
3.60,1.70,0.00078
3.60,1.80,0.00083
3.60,1.90,0.00086
3.60,2.00,0.00098
3.60,2.10,0.00096
3.60,2.20,0.00100
3.60,2.30,0.00105
3.60,2.40,0.00110
3.60,2.50,0.00115
3.60,2.60,0.00121
3.60,2.70,0.00126
3.60,2.80,0.00131
3.60,2.90,0.00164
3.60,3.00,0.00173
3.60,3.10,0.00145
3.60,3.20,0.00149
3.60,3.30,0.00152
3.60,3.40,0.00154
3.60,3.50,0.00155
3.60,3.60,0.00158
3.60,3.70,0.00153
3.60,3.80,0.00151
3.60,3.90,0.00152
3.60,4.00,0.00144
3.60,4.10,0.00140
3.60,4.20,0.00136
3.60,4.30,0.00132
3.60,4.40,0.00151
3.60,4.50,0.00123
3.60,4.60,0.00119
3.60,4.70,0.00115
3.60,4.80,0.00111
3.60,4.90,0.00107
3.60,5.00,0.00106
3.70,0.00,0.00017
3.70,0.10,0.00017
3.70,0.20,0.00016
3.70,0.30,0.00023
3.70,0.40,0.00032
3.70,0.50,0.00031
3.70,0.60,0.00035
3.70,0.70,0.00039
3.70,0.80,0.00051
3.70,0.90,0.00048
3.70,1.00,0.00052
3.70,1.10,0.00051
3.70,1.20,0.00059
3.70,1.30,0.00062
3.70,1.40,0.00065
3.70,1.50,0.00068
3.70,1.60,0.00072
3.70,1.70,0.00075
3.70,1.80,0.00084
3.70,1.90,0.00082
3.70,2.00,0.00087
3.70,2.10,0.00091
3.70,2.20,0.00096
3.70,2.30,0.00100
3.70,2.40,0.00105
3.70,2.50,0.00110
3.70,2.60,0.00115
3.70,2.70,0.00121
3.70,2.80,0.00146
3.70,2.90,0.00131
3.70,3.00,0.00136
3.70,3.10,0.00141
3.70,3.20,0.00145
3.70,3.30,0.00149
3.70,3.40,0.00196
3.70,3.50,0.00154
3.70,3.60,0.00155
3.70,3.70,0.00158
3.70,3.80,0.00153
3.70,3.90,0.00151
3.70,4.00,0.00148
3.70,4.10,0.00144
3.70,4.20,0.00140
3.70,4.30,0.00136
3.70,4.40,0.00132
3.70,4.50,0.00128
3.70,4.60,0.00123
3.70,4.70,0.00119
3.70,4.80,0.00114
3.70,4.90,0.00111
3.70,5.00,0.00107
3.80,0.00,0.00010
3.80,0.10,0.00014
3.80,0.20,0.00017
3.80,0.30,0.00020
3.80,0.40,0.00023
3.80,0.50,0.00027
3.80,0.60,0.00031
3.80,0.70,0.00030
3.80,0.80,0.00039
3.80,0.90,0.00044
3.80,1.00,0.00056
3.80,1.10,0.00052
3.80,1.20,0.00055
3.80,1.30,0.00059
3.80,1.40,0.00062
3.80,1.50,0.00065
3.80,1.60,0.00068
3.80,1.70,0.00070
3.80,1.80,0.00075
3.80,1.90,0.00079
3.80,2.00,0.00083
3.80,2.10,0.00093
3.80,2.20,0.00091
3.80,2.30,0.00096
3.80,2.40,0.00100
3.80,2.50,0.00105
3.80,2.60,0.00110
3.80,2.70,0.00115
3.80,2.80,0.00121
3.80,2.90,0.00126
3.80,3.00,0.00131
3.80,3.10,0.00137
3.80,3.20,0.00141
3.80,3.30,0.00145
3.80,3.40,0.00149
3.80,3.50,0.00196
3.80,3.60,0.00154
3.80,3.70,0.00155
3.80,3.80,0.00154
3.80,3.90,0.00153
3.80,4.00,0.00151
3.80,4.10,0.00193
3.80,4.20,0.00144
3.80,4.30,0.00140
3.80,4.40,0.00136
3.80,4.50,0.00132
3.80,4.60,0.00128
3.80,4.70,0.00124
3.80,4.80,0.00119
3.80,4.90,0.00115
3.80,5.00,0.00110
3.90,0.00,0.00010
3.90,0.10,0.00012
3.90,0.20,0.00014
3.90,0.30,0.00017
3.90,0.40,0.00024
3.90,0.50,0.00028
3.90,0.60,0.00032
3.90,0.70,0.00031
3.90,0.80,0.00035
3.90,0.90,0.00039
3.90,1.00,0.00044
3.90,1.10,0.00048
3.90,1.20,0.00052
3.90,1.30,0.00055
3.90,1.40,0.00059
3.90,1.50,0.00059
3.90,1.60,0.00065
3.90,1.70,0.00074
3.90,1.80,0.00072
3.90,1.90,0.00075
3.90,2.00,0.00084
3.90,2.10,0.00083
3.90,2.20,0.00087
3.90,2.30,0.00091
3.90,2.40,0.00095
3.90,2.50,0.00109
3.90,2.60,0.00105
3.90,2.70,0.00110
3.90,2.80,0.00115
3.90,2.90,0.00121
3.90,3.00,0.00126
3.90,3.10,0.00131
3.90,3.20,0.00164
3.90,3.30,0.00142
3.90,3.40,0.00145
3.90,3.50,0.00149
3.90,3.60,0.00152
3.90,3.70,0.00157
3.90,3.80,0.00158
3.90,3.90,0.00154
3.90,4.00,0.00153
3.90,4.10,0.00151
3.90,4.20,0.00193
3.90,4.30,0.00144
3.90,4.40,0.00140
3.90,4.50,0.00136
3.90,4.60,0.00132
3.90,4.70,0.00129
3.90,4.80,0.00143
3.90,4.90,0.00119
3.90,5.00,0.00115
4.00,0.00,0.00008
4.00,0.10,0.00010
4.00,0.20,0.00012
4.00,0.30,0.00014
4.00,0.40,0.00017
4.00,0.50,0.00016
4.00,0.60,0.00023
4.00,0.70,0.00027
4.00,0.80,0.00031
4.00,0.90,0.00035
4.00,1.00,0.00039
4.00,1.10,0.00051
4.00,1.20,0.00048
4.00,1.30,0.00052
4.00,1.40,0.00055
4.00,1.50,0.00059
4.00,1.60,0.00062
4.00,1.70,0.00072
4.00,1.80,0.00068
4.00,1.90,0.00070
4.00,2.00,0.00075
4.00,2.10,0.00078
4.00,2.20,0.00088
4.00,2.30,0.00087
4.00,2.40,0.00091
4.00,2.50,0.00096
4.00,2.60,0.00100
4.00,2.70,0.00105
4.00,2.80,0.00110
4.00,2.90,0.00115
4.00,3.00,0.00121
4.00,3.10,0.00126
4.00,3.20,0.00155
4.00,3.30,0.00136
4.00,3.40,0.00141
4.00,3.50,0.00182
4.00,3.60,0.00149
4.00,3.70,0.00152
4.00,3.80,0.00154
4.00,3.90,0.00155
4.00,4.00,0.00154
4.00,4.10,0.00153
4.00,4.20,0.00155
4.00,4.30,0.00148
4.00,4.40,0.00144
4.00,4.50,0.00140
4.00,4.60,0.00136
4.00,4.70,0.00134
4.00,4.80,0.00128
4.00,4.90,0.00123
4.00,5.00,0.00119
4.10,0.00,0.00007
4.10,0.10,0.00008
4.10,0.20,0.00010
4.10,0.30,0.00012
4.10,0.40,0.00014
4.10,0.50,0.00017
4.10,0.60,0.00024
4.10,0.70,0.00023
4.10,0.80,0.00027
4.10,0.90,0.00031
4.10,1.00,0.00035
4.10,1.10,0.00046
4.10,1.20,0.00038
4.10,1.30,0.00056
4.10,1.40,0.00060
4.10,1.50,0.00055
4.10,1.60,0.00059
4.10,1.70,0.00059
4.10,1.80,0.00072
4.10,1.90,0.00068
4.10,2.00,0.00070
4.10,2.10,0.00075
4.10,2.20,0.00079
4.10,2.30,0.00083
4.10,2.40,0.00093
4.10,2.50,0.00091
4.10,2.60,0.00096
4.10,2.70,0.00100
4.10,2.80,0.00105
4.10,2.90,0.00110
4.10,3.00,0.00115
4.10,3.10,0.00121
4.10,3.20,0.00126
4.10,3.30,0.00131
4.10,3.40,0.00136
4.10,3.50,0.00141
4.10,3.60,0.00145
4.10,3.70,0.00149
4.10,3.80,0.00152
4.10,3.90,0.00154
4.10,4.00,0.00155
4.10,4.10,0.00154
4.10,4.20,0.00153
4.10,4.30,0.00151
4.10,4.40,0.00148
4.10,4.50,0.00144
4.10,4.60,0.00140
4.10,4.70,0.00136
4.10,4.80,0.00134
4.10,4.90,0.00129
4.10,5.00,0.00143
4.20,0.00,0.00007
4.20,0.10,0.00007
4.20,0.20,0.00008
4.20,0.30,0.00012
4.20,0.40,0.00014
4.20,0.50,0.00014
4.20,0.60,0.00017
4.20,0.70,0.00016
4.20,0.80,0.00023
4.20,0.90,0.00023
4.20,1.00,0.00037
4.20,1.10,0.00035
4.20,1.20,0.00046
4.20,1.30,0.00044
4.20,1.40,0.00048
4.20,1.50,0.00052
4.20,1.60,0.00055
4.20,1.70,0.00059
4.20,1.80,0.00062
4.20,1.90,0.00065
4.20,2.00,0.00074
4.20,2.10,0.00072
4.20,2.20,0.00081
4.20,2.30,0.00079
4.20,2.40,0.00083
4.20,2.50,0.00087
4.20,2.60,0.00091
4.20,2.70,0.00096
4.20,2.80,0.00100
4.20,2.90,0.00105
4.20,3.00,0.00110
4.20,3.10,0.00115
4.20,3.20,0.00121
4.20,3.30,0.00126
4.20,3.40,0.00131
4.20,3.50,0.00136
4.20,3.60,0.00141
4.20,3.70,0.00145
4.20,3.80,0.00149
4.20,3.90,0.00152
4.20,4.00,0.00154
4.20,4.10,0.00204
4.20,4.20,0.00154
4.20,4.30,0.00203
4.20,4.40,0.00151
4.20,4.50,0.00148
4.20,4.60,0.00144
4.20,4.80,0.00136
4.20,4.70,0.00144
4.20,4.90,0.00134
4.20,5.00,0.00128
4.30,0.00,0.00005
4.30,0.10,0.00006
4.30,0.20,0.00006
4.30,0.30,0.00008
4.30,0.40,0.00010
4.30,0.50,0.00012
4.30,0.60,0.00014
4.30,0.70,0.00017
4.30,0.80,0.00020
4.30,0.90,0.00019
4.30,1.00,0.00027
4.30,1.10,0.00031
4.30,1.20,0.00035
4.30,1.30,0.00039
4.30,1.40,0.00044
4.30,1.50,0.00048
4.30,1.60,0.00047
4.30,1.70,0.00055
4.30,1.80,0.00059
4.30,1.90,0.00062
4.30,2.00,0.00065
4.30,2.10,0.00066
4.30,2.20,0.00072
4.30,2.30,0.00075
4.30,2.40,0.00079
4.30,2.50,0.00083
4.30,2.60,0.00086
4.30,2.70,0.00091
4.30,2.80,0.00096
4.30,2.90,0.00100
4.30,3.00,0.00105
4.30,3.10,0.00110
4.30,3.20,0.00115
4.30,3.30,0.00121
4.30,3.40,0.00126
4.30,3.50,0.00131
4.30,3.60,0.00136
4.30,3.70,0.00142
4.30,3.80,0.00182
4.30,3.90,0.00190
4.30,4.00,0.00154
4.30,4.10,0.00157
4.30,4.20,0.00155
4.30,4.30,0.00154
4.30,4.40,0.00153
4.30,4.50,0.00155
4.30,4.60,0.00148
4.30,4.70,0.00144
4.30,4.80,0.00140
4.30,4.90,0.00136
4.30,5.00,0.00132
4.40,0.00,0.00004
4.40,0.10,0.00005
4.40,0.20,0.00006
4.40,0.30,0.00006
4.40,0.40,0.00008
4.40,0.50,0.00010
4.40,0.60,0.00012
4.40,0.70,0.00014
4.40,0.80,0.00017
4.40,0.90,0.00020
4.40,1.00,0.00023
4.40,1.10,0.00027
4.40,1.20,0.00031
4.40,1.30,0.00035
4.40,1.40,0.00039
4.40,1.50,0.00044
4.40,1.60,0.00048
4.40,1.70,0.00052
4.40,1.80,0.00055
4.40,1.90,0.00059
4.40,2.00,0.00059
4.40,2.10,0.00065
4.40,2.20,0.00068
4.40,2.30,0.00072
4.40,2.40,0.00075
4.40,2.50,0.00079
4.40,2.60,0.00083
4.40,2.70,0.00087
4.40,2.80,0.00091
4.40,2.90,0.00096
4.40,3.00,0.00100
4.40,3.10,0.00105
4.40,3.20,0.00110
4.40,3.30,0.00115
4.40,3.40,0.00121
4.40,3.50,0.00126
4.40,3.60,0.00132
4.40,3.70,0.00137
4.40,3.80,0.00173
4.40,3.90,0.00182
4.40,4.00,0.00149
4.40,4.10,0.00154
4.40,4.20,0.00154
4.40,4.30,0.00155
4.40,4.40,0.00154
4.40,4.50,0.00203
4.40,4.60,0.00151
4.40,4.70,0.00148
4.40,4.80,0.00144
4.40,4.90,0.00140
4.40,5.00,0.00169
4.50,0.00,0.00003
4.50,0.10,0.00004
4.50,0.20,0.00005
4.50,0.30,0.00006
4.50,0.40,0.00007
4.50,0.50,0.00008
4.50,0.60,0.00010
4.50,0.70,0.00012
4.50,0.80,0.00014
4.50,0.90,0.00017
4.50,1.00,0.00024
4.50,1.10,0.00019
4.50,1.20,0.00027
4.50,1.30,0.00037
4.50,1.40,0.00035
4.50,1.50,0.00034
4.50,1.60,0.00044
4.50,1.70,0.00048
4.50,1.80,0.00047
4.50,1.90,0.00055
4.50,2.00,0.00059
4.50,2.10,0.00059
4.50,2.20,0.00065
4.50,2.30,0.00068
4.50,2.40,0.00072
4.50,2.50,0.00075
4.50,2.60,0.00079
4.50,2.70,0.00083
4.50,2.80,0.00087
4.50,2.90,0.00091
4.50,3.00,0.00096
4.50,3.10,0.00100
4.50,3.20,0.00105
4.50,3.30,0.00110
4.50,3.40,0.00115
4.50,3.50,0.00121
4.50,3.60,0.00126
4.50,3.70,0.00131
4.50,3.80,0.00136
4.50,3.90,0.00142
4.50,4.00,0.00182
4.50,4.10,0.00149
4.50,4.20,0.00152
4.50,4.30,0.00154
4.50,4.40,0.00155
4.50,4.50,0.00154
4.50,4.60,0.00153
4.50,4.70,0.00151
4.50,4.80,0.00148
4.50,4.90,0.00144
4.50,5.00,0.00140
4.60,0.00,0.00003
4.60,0.10,0.00003
4.60,0.20,0.00004
4.60,0.30,0.00006
4.60,0.40,0.00006
4.60,0.50,0.00006
4.60,0.60,0.00008
4.60,0.70,0.00010
4.60,0.80,0.00010
4.60,0.90,0.00014
4.60,1.00,0.00017
4.60,1.10,0.00024
4.60,1.20,0.00023
4.60,1.30,0.00027
4.60,1.40,0.00031
4.60,1.50,0.00035
4.60,1.60,0.00039
4.60,1.70,0.00044
4.60,1.80,0.00048
4.60,1.90,0.00052
4.60,2.00,0.00055
4.60,2.10,0.00059
4.60,2.20,0.00062
4.60,2.30,0.00065
4.60,2.40,0.00068
4.60,2.50,0.00072
4.60,2.60,0.00081
4.60,2.70,0.00079
4.60,2.80,0.00082
4.60,2.90,0.00087
4.60,3.00,0.00091
4.60,3.10,0.00096
4.60,3.20,0.00100
4.60,3.30,0.00105
4.60,3.40,0.00110
4.60,3.50,0.00130
4.60,3.60,0.00121
4.60,3.70,0.00126
4.60,3.80,0.00131
4.60,3.90,0.00136
4.60,4.00,0.00141
4.60,4.10,0.00145
4.60,4.20,0.00149
4.60,4.30,0.00196
4.60,4.40,0.00154
4.60,4.50,0.00155
4.60,4.60,0.00154
4.60,4.70,0.00153
4.60,4.80,0.00155
4.60,4.90,0.00148
4.60,5.00,0.00144
4.70,0.00,0.00002
4.70,0.10,0.00003
4.70,0.20,0.00003
4.70,0.30,0.00004
4.70,0.40,0.00004
4.70,0.50,0.00006
4.70,0.60,0.00007
4.70,0.70,0.00010
4.70,0.80,0.00012
4.70,0.90,0.00012
4.70,1.00,0.00014
4.70,1.10,0.00017
4.70,1.20,0.00020
4.70,1.30,0.00023
4.70,1.40,0.00027
4.70,1.50,0.00031
4.70,1.60,0.00035
4.70,1.70,0.00039
4.70,1.80,0.00051
4.70,1.90,0.00048
4.70,2.00,0.00052
4.70,2.10,0.00055
4.70,2.20,0.00059
4.70,2.30,0.00062
4.70,2.40,0.00065
4.70,2.50,0.00066
4.70,2.60,0.00072
4.70,2.70,0.00074
4.70,2.80,0.00084
4.70,2.90,0.00083
4.70,3.00,0.00087
4.70,3.10,0.00091
4.70,3.20,0.00096
4.70,3.30,0.00100
4.70,3.40,0.00105
4.70,3.50,0.00122
4.70,3.60,0.00115
4.70,3.70,0.00121
4.70,3.80,0.00126
4.70,3.90,0.00131
4.70,4.00,0.00136
4.70,4.10,0.00141
4.70,4.20,0.00147
4.70,4.30,0.00151
4.70,4.40,0.00152
4.70,4.50,0.00154
4.70,4.60,0.00155
4.70,4.70,0.00154
4.70,4.80,0.00153
4.70,4.90,0.00151
4.70,5.00,0.00152
4.80,0.00,0.00002
4.80,0.10,0.00003
4.80,0.20,0.00003
4.80,0.30,0.00003
4.80,0.40,0.00004
4.80,0.50,0.00005
4.80,0.60,0.00006
4.80,0.70,0.00007
4.80,0.80,0.00008
4.80,0.90,0.00010
4.80,1.00,0.00012
4.80,1.10,0.00014
4.80,1.20,0.00017
4.80,1.30,0.00020
4.80,1.40,0.00023
4.80,1.50,0.00032
4.80,1.60,0.00031
4.80,1.70,0.00035
4.80,1.80,0.00046
4.80,1.90,0.00044
4.80,2.00,0.00043
4.80,2.10,0.00047
4.80,2.20,0.00063
4.80,2.30,0.00059
4.80,2.40,0.00062
4.80,2.50,0.00065
4.80,2.60,0.00074
4.80,2.70,0.00072
4.80,2.80,0.00081
4.80,2.90,0.00079
4.80,3.00,0.00083
4.80,3.10,0.00087
4.80,3.20,0.00091
4.80,3.30,0.00096
4.80,3.40,0.00109
4.80,3.50,0.00105
4.80,3.60,0.00122
4.80,3.70,0.00130
4.80,3.80,0.00121
4.80,3.90,0.00126
4.80,4.00,0.00131
4.80,4.10,0.00164
4.80,4.20,0.00141
4.80,4.30,0.00145
4.80,4.40,0.00151
4.80,4.50,0.00152
4.80,4.60,0.00154
4.80,4.70,0.00155
4.80,4.80,0.00154
4.80,4.90,0.00153
4.80,5.00,0.00151
4.90,0.00,0.00002
4.90,0.10,0.00001
4.90,0.20,0.00003
4.90,0.30,0.00003
4.90,0.40,0.00003
4.90,0.50,0.00004
4.90,0.60,0.00005
4.90,0.70,0.00007
4.90,0.80,0.00007
4.90,0.90,0.00008
4.90,1.00,0.00010
4.90,1.10,0.00012
4.90,1.20,0.00014
4.90,1.30,0.00017
4.90,1.40,0.00020
4.90,1.50,0.00019
4.90,1.60,0.00027
4.90,1.70,0.00031
4.90,1.80,0.00035
4.90,1.90,0.00046
4.90,2.00,0.00044
4.90,2.10,0.00056
4.90,2.20,0.00060
4.90,2.30,0.00055
4.90,2.40,0.00059
4.90,2.50,0.00059
4.90,2.60,0.00063
4.90,2.70,0.00068
4.90,2.80,0.00072
4.90,2.90,0.00075
4.90,3.00,0.00078
4.90,3.10,0.00088
4.90,3.20,0.00087
4.90,3.30,0.00098
4.90,3.40,0.00096
4.90,3.50,0.00100
4.90,3.60,0.00105
4.90,3.70,0.00110
4.90,3.80,0.00115
4.90,3.90,0.00121
4.90,4.00,0.00126
4.90,4.10,0.00131
4.90,4.20,0.00136
4.90,4.30,0.00141
4.90,4.40,0.00145
4.90,4.50,0.00149
4.90,4.60,0.00152
4.90,4.70,0.00157
4.90,4.80,0.00155
4.90,4.90,0.00154
4.90,5.00,0.00203
5.00,0.00,0.00001
5.00,0.10,0.00002
5.00,0.20,0.00002
5.00,0.30,0.00002
5.00,0.40,0.00003
5.00,0.50,0.00003
5.00,0.60,0.00004
5.00,0.70,0.00004
5.00,0.80,0.00007
5.00,0.90,0.00007
5.00,1.00,0.00008
5.00,1.10,0.00010
5.00,1.20,0.00012
5.00,1.30,0.00014
5.00,1.40,0.00017
5.00,1.50,0.00020
5.00,1.60,0.00028
5.00,1.70,0.00027
5.00,1.80,0.00031
5.00,1.90,0.00042
5.00,2.00,0.00039
5.00,2.10,0.00044
5.00,2.20,0.00056
5.00,2.30,0.00060
5.00,2.40,0.00055
5.00,2.50,0.00059
5.00,2.60,0.00059
5.00,2.70,0.00063
5.00,2.80,0.00068
5.00,2.90,0.00072
5.00,3.00,0.00074
5.00,3.10,0.00084
5.00,3.20,0.00083
5.00,3.30,0.00086
5.00,3.40,0.00091
5.00,3.50,0.00096
5.00,3.60,0.00100
5.00,3.70,0.00115
5.00,3.80,0.00110
5.00,3.90,0.00115
5.00,4.00,0.00121
5.00,4.10,0.00126
5.00,4.20,0.00155
5.00,4.30,0.00164
5.00,4.40,0.00141
5.00,4.50,0.00147
5.00,4.60,0.00149
5.00,4.70,0.00152
5.00,4.80,0.00154
5.00,4.90,0.00155
5.00,5.00,0.00154
